==================================================vote==================================================
score: 0.6136095450373672

[[   0    0    1    0    0]
 [   0    0   24    2    0]
 [   0    0 4661   18    0]
 [   0    0 1968   19    0]
 [   0    0  926    8    0]]

              precision    recall  f1-score   support

           0       0.00      0.00      0.00         1
           1       0.00      0.00      0.00        26
           2       0.61      1.00      0.76      4679
           3       0.40      0.01      0.02      1987
           4       0.00      0.00      0.00       934

    accuracy                           0.61      7627
   macro avg       0.20      0.20      0.16      7627
weighted avg       0.48      0.61      0.47      7627
==================================================LR==================================================
score: 0.6163629212009964

[[   0    0    2    0    0]
 [   0    0   18    1    0]
 [   0    1 4665   69    0]
 [   0    1 1913   34    1]
 [   0    1  906   13    2]]

              precision    recall  f1-score   support

           0       0.00      0.00      0.00         2
           1       0.00      0.00      0.00        19
           2       0.62      0.99      0.76      4735
           3       0.29      0.02      0.03      1949
           4       0.67      0.00      0.00       922

    accuracy                           0.62      7627
   macro avg       0.32      0.20      0.16      7627
weighted avg       0.54      0.62      0.48      7627
==================================================GNB==================================================

score: 0.31126261964074997

[[   1    0    1    0    0]
 [  16    4   17    1    0]
 [2050  175 2335   91   47]
 [1458   85  369   26   20]
 [ 726   34  148   15    8]]

              precision    recall  f1-score   support

           0       0.00      0.50      0.00         2
           1       0.01      0.11      0.02        38
           2       0.81      0.50      0.62      4698
           3       0.20      0.01      0.02      1958
           4       0.11      0.01      0.02       931

    accuracy                           0.31      7627
   macro avg       0.23      0.22      0.14      7627
weighted avg       0.56      0.31      0.39      7627

==================================================SVM==================================================
score: 0.6147895633932083

[[   0    0    2    0    0]
 [   0    0   38    0    0]
 [   0    0 4667   31    0]
 [   0    0 1936   22    0]
 [   0    0  917   14    0]]

              precision    recall  f1-score   support

           0       0.00      0.00      0.00         2
           1       0.00      0.00      0.00        38
           2       0.62      0.99      0.76      4698
           3       0.33      0.01      0.02      1958
           4       0.00      0.00      0.00       931

    accuracy                           0.61      7627
   macro avg       0.19      0.20      0.16      7627
weighted avg       0.46      0.61      0.47      7627

==================================================RFC==================================================
score: 0.6164940343516455

[[   0    0    2    0    0]
 [   0    0   36    2    0]
 [   0    0 4681   17    0]
 [   0    0 1937   21    0]
 [   0    0  918   13    0]]

              precision    recall  f1-score   support

           0       0.00      0.00      0.00         2
           1       0.00      0.00      0.00        38
           2       0.62      1.00      0.76      4698
           3       0.40      0.01      0.02      1958
           4       0.00      0.00      0.00       931

    accuracy                           0.62      7627
   macro avg       0.20      0.20      0.16      7627
weighted avg       0.48      0.62      0.48      7627
