==================================================vote==================================================
score: 0.8206002963575588

[[31686   365    86     8     8     0     0     1     1]
 [ 4391  6415   389    14    10     0     0     3     0]
 [  363   942  7921   253    24    11     1     6     1]
 [    6    45  1344   949   141     9     2    17     2]
 [    1     3   179  1027   403    87     2    17     1]
 [    0     1    60    83   476   252     4    11     3]
 [    0     0     3     0     2     5     0     0     0]
 [    0     0     2     0     0     2     0     0     0]
 [    0     0     0     0     0     0     0     0     0]]

              precision    recall  f1-score   support

           0       0.87      0.99      0.92     32155
           1       0.83      0.57      0.68     11222
           2       0.79      0.83      0.81      9522
           3       0.41      0.38      0.39      2515
           4       0.38      0.23      0.29      1720
           5       0.69      0.28      0.40       890
           6       0.00      0.00      0.00        10
           7       0.00      0.00      0.00         4
           8       0.00      0.00      0.00         0

    accuracy                           0.82     58038
   macro avg       0.44      0.36      0.39     58038
weighted avg       0.81      0.82      0.81     58038

==================================================LR==================================================
score: 0.5843757538164651

[[24463  4083  3478     0    77    43     4   166     3]
 [  465  1989  7567     3   545   429     8   202     2]
 [   53   310  6714     0  1855   414     5    91     1]
 [    5    39  1469     2   771   169     3    13     3]
 [    7    12   870     2   592   214     1    11     2]
 [    2     7   333     1   365   155     2     1     0]
 [    0     0     5     0     3     4     0     0     0]
 [    0     0     1     0     0     3     0     1     0]
 [    0     0     0     0     0     0     0     0     0]]

              precision    recall  f1-score   support

           0       0.98      0.76      0.85     32317
           1       0.31      0.18      0.23     11210
           2       0.33      0.71      0.45      9443
           3       0.25      0.00      0.00      2474
           4       0.14      0.35      0.20      1711
           5       0.11      0.18      0.13       866
           6       0.00      0.00      0.00        12
           7       0.00      0.20      0.00         5
           8       0.00      0.00      0.00         0

    accuracy                           0.58     58038
   macro avg       0.24      0.26      0.21     58038
weighted avg       0.67      0.58      0.60     58038

==================================================GNB==================================================
score: 0.659654019780144

[[31868   202    84    15     4     2     0    26     5]
 [ 9397  1404   237    26     2     4     1    42     9]
 [ 1717  3314  3892   350    30    13     2   143     9]
 [   10    66  1285   931    41    11     1   145     8]
 [    1     5   157  1123   123    40     6   357    29]
 [    2     0     5   123   142    63    18   498    34]
 [    0     0     0     0     0     0     1     6     2]
 [    0     0     0     0     0     0     2     3     2]
 [    0     0     0     0     0     0     0     0     0]]

              precision    recall  f1-score   support

           0       0.74      0.99      0.85     32206
           1       0.28      0.13      0.17     11122
           2       0.69      0.41      0.51      9470
           3       0.36      0.37      0.37      2498
           4       0.36      0.07      0.11      1841
           5       0.47      0.07      0.12       885
           6       0.03      0.11      0.05         9
           7       0.00      0.43      0.00         7
           8       0.00      0.00      0.00         0

    accuracy                           0.66     58038
   macro avg       0.33      0.29      0.24     58038
weighted avg       0.61      0.66      0.61     58038

==================================================SVM==================================================

score: 0.878200489334574

[[31614   547    43     0     1     1     0     0]
 [ 2638  7995   488     0     1     0     0     0]
 [   30   456  8402   566    13     3     0     0]
 [   11     0   831  1043   593    20     0     0]
 [    1     0    11   329  1142   357     1     0]
 [    2     0     1     0   109   773     0     0]
 [    0     0     0     0     0     9     0     0]
 [    0     0     0     0     0     7     0     0]]

              precision    recall  f1-score   support

           0       0.92      0.98      0.95     32206
           1       0.89      0.72      0.79     11122
           2       0.86      0.89      0.87      9470
           3       0.54      0.42      0.47      2498
           4       0.61      0.62      0.62      1841
           5       0.66      0.87      0.75       885
           6       0.00      0.00      0.00         9
           7       0.00      0.00      0.00         7

    accuracy                           0.88     58038
   macro avg       0.56      0.56      0.56     58038
weighted avg       0.87      0.88      0.87     58038

==================================================RFC==================================================
score: 0.8174816499534787

[[30577  1378   250     0     1     0     0     0]
 [ 2362  7982   774     0     4     0     0     0]
 [  394   844  8209     0    23     0     0     0]
 [   56    47  2210     4   177     4     0     0]
 [   18    17  1226     0   527    53     0     0]
 [    8     5   420     0   306   146     0     0]
 [    0     0     5     0     2     2     0     0]
 [    0     1     1     0     0     5     0     0]]

              precision    recall  f1-score   support

           0       0.92      0.95      0.93     32206
           1       0.78      0.72      0.75     11122
           2       0.63      0.87      0.73      9470
           3       1.00      0.00      0.00      2498
           4       0.51      0.29      0.37      1841
           5       0.70      0.16      0.27       885
           6       0.00      0.00      0.00         9
           7       0.00      0.00      0.00         7

    accuracy                           0.82     58038
   macro avg       0.57      0.37      0.38     58038
weighted avg       0.83      0.82      0.79     58038
